# This file lists surface-exposed sites of NA in computational numbering.
# The sites are annotated from the list of surface-exposed sites of H3N2 NA
# determined based on PDB 1NN2 in Bhatt et al. 2012, Supplementary Table 3. 
34
35
36
37
38
39
40
41
42
43
44
45
46
47
48
49
50
51
52
53
54
55
56
57
58
59
60
61
62
63
64
65
66
67
68
69
70
71
72
73
74
75
76
77
78
79
80
81
82
83
84
85
86
88
89
90
91
92
93
95
107
110
111
112
113
118
125
126
127
128
130
141
143
146
147
149
150
151
152
153
154
160
161
162
169
171
173
187
189
196
197
198
199
200
208
209
210
212
215
216
218
219
220
221
222
224
234
236
244
245
246
247
248
249
250
251
253
258
259
261
262
263
264
265
267
268
269
270
271
273
277
283
284
285
286
292
295
296
304
306
307
308
309
310
311
312
313
315
326
328
329
330
331
332
334
336
337
338
339
341
342
343
344
346
347
356
357
358
359
366
367
368
369
370
371
378
380
381
383
384
385
386
387
388
389
390
391
392
393
394
396
399
400
401
402
403
413
414
415
416
417
430
431
432
433
434
435
437
450
451
452
453
455
456
457
459
461
463
464
465
466
468
469
470
